"","intraday.1","interday.1","security.1","intraday.5","interday.5","security.5"
"2017-10-12",7.94899999999978,0.376559,252.334,NA,NA,NA
"2017-10-13",7.0799999999999,0.307193,252.642,NA,NA,NA
"2017-10-16",7.20799999999963,0.336921,252.978,NA,NA,NA
"2017-10-17",6.56400000000016,0.17837,253.157,NA,NA,NA
"2017-10-18",7.1759999999995,0.247736,253.405,35.976999999999,1.446779,1264.516
"2017-10-19",9.95100000000005,0.069366,253.474,37.9789999999992,1.139586,1265.656
"2017-10-20",7.94399999999928,1.308048,254.782,38.8429999999986,2.140441,1267.796
"2017-10-23",9.77000000000072,0.990945,253.791,41.4049999999997,2.794465,1268.609
"2017-10-24",8.95400000000058,0.445925,254.237,43.7950000000001,3.06202,1269.689
"2017-10-25",16.7080000000005,1.258501,252.978,53.3270000000011,4.072785,1269.262
"2017-10-26",11.8659999999999,0.327012,253.305,55.242000000001,4.330431,1269.093
"2017-10-27",11.3459999999994,2.071076,255.377,58.6440000000011,5.093459,1269.688
"2017-10-30",10.9399999999997,0.951307,254.425,59.8140000000001,5.053821,1270.322
"2017-10-31",8.04200000000003,0.396378,254.822,58.9019999999996,5.004274,1270.907
"2017-11-01",12.5320000000006,0.336921,255.159,54.7259999999997,4.082694,1273.088
"2017-11-02",13.3819999999993,0.099095,255.258,56.2419999999991,3.854777,1275.041
"2017-11-03",9.10599999999999,0.852213,256.11,54.0019999999996,2.635914,1275.774
"2017-11-06",7.33800000000065,0.396378,256.506,50.4000000000006,2.080985,1277.855
"2017-11-07",11.9100000000001,0.17837,256.328,54.2680000000007,1.862977,1279.361
"2017-11-08",8.84800000000058,0.436016,256.764,50.5840000000006,1.962072,1280.966
"2017-11-09",20.6320000000006,0.931489,255.832,57.834000000002,2.794466,1281.54
"2017-11-10",11.4500000000001,0.079276,255.753,60.1780000000021,2.021529,1281.183
"2017-11-13",8.83900000000074,0.237827,255.991,61.6790000000021,1.862978,1280.668
"2017-11-14",15.2759999999989,0.594567,255.396,65.0450000000009,2.279175,1279.736
"2017-11-15",14.1940000000003,1.278319,254.118,70.3910000000006,3.121478,1277.09
"2017-11-16",10.1879999999996,2.160261,256.278,59.9469999999997,4.35025,1277.536
"2017-11-17",10.244,0.753118,255.525,58.7409999999996,5.024092,1277.308
"2017-11-20",8.13599999999974,0.436016,255.961,58.0379999999986,5.222281,1277.278
"2017-11-21",7.80199999999957,1.674698,257.636,50.5639999999993,6.302412,1279.518
"2017-11-22",7.62199999999973,0.227917,257.408,43.9919999999987,5.25201,1282.808
"2017-11-24",3.56699999999955,0.594567,258.003,37.3709999999986,3.686316,1284.533
"2017-11-27",8.61399999999935,0.128823,257.874,35.7409999999979,3.062021,1286.882
"2017-11-28",11.7560000000007,2.616096,260.49,39.3609999999989,5.242101,1291.411
"2017-11-29",16.4880000000009,0.158551,260.331,48.0470000000002,3.725954,1294.106
"2017-11-30",18.3189999999996,2.279174,262.61,58.744,5.777211,1299.308
"2017-12-01",36.0480000000001,0.54502,262.065,91.2250000000006,5.727664,1303.37
"2017-12-04",19.5260000000005,0.317102,261.748,102.137000000002,5.915943,1307.244
"2017-12-05",16.6459999999998,0.941398,260.807,107.027000000001,4.241245,1307.561
"2017-12-06",15.7900000000003,0.049547,260.856,106.329,4.132241,1308.086
"2017-12-07",13.496,0.822485,261.679,101.506000000001,2.675552,1307.155
"2017-12-08",10.6400000000003,1.426961,263.106,76.0980000000009,3.557493,1308.196
"2017-12-11",9.05199999999945,0.792756,263.899,65.6239999999999,4.033147,1310.347
"2017-12-12",10.503000000001,0.465744,264.364,59.4810000000011,3.557493,1313.904
"2017-12-13",12.5899999999995,0.029728,264.335,56.2810000000002,3.537674,1317.383
"2017-12-14",13.6169999999997,1.08013,263.255,56.4019999999999,3.795319,1318.959
"2017-12-15",11.4260000000007,2.192553,265.447,57.1880000000003,4.560911,1321.3
"2017-12-18",10.3009999999998,1.68326,267.13,58.4370000000006,5.451415,1324.531
"2017-12-19",12.15,1.025892,266.104,60.0839999999996,6.011563,1326.271
"2017-12-20",13.6060000000002,0.139442,265.965,61.1000000000004,6.121277,1327.901
"2017-12-21",9.08400000000074,0.547806,266.513,56.5670000000014,5.588953,1331.159
"2017-12-22",8.41400000000056,0.069721,266.443,53.5550000000013,3.466121,1332.155
"2017-12-26",8.19600000000065,0.318724,266.124,51.4500000000022,2.101585,1331.149
"2017-12-27",7.68700000000064,0.129482,266.254,46.9870000000028,1.205175,1331.299
"2017-12-28",5.96400000000068,0.547806,266.802,39.3450000000033,1.613539,1332.136
"2017-12-29",9.90899999999965,1.005972,265.796,40.1700000000022,2.071705,1331.419
"2018-01-02",9.48799999999977,1.902382,267.698,41.2440000000014,3.904366,1332.674
"2018-01-03",8.91000000000031,1.69322,269.391,41.9580000000011,5.278862,1335.941
"2018-01-04",10.7200000000003,1.135453,270.527,44.9910000000007,6.284833,1340.214
"2018-01-05",9.46699999999976,1.802781,272.33,48.4939999999998,7.539808,1345.742
"2018-01-08",8.8520000000002,0.498006,272.828,47.4370000000004,7.031842,1352.774
"2018-01-09",11.9420000000008,0.617527,273.445,49.8910000000014,5.746987,1358.521
"2018-01-10",14.2719999999997,0.418325,273.027,55.2530000000007,4.472092,1362.157
"2018-01-11",10.3100000000005,1.992023,275.019,54.8430000000009,5.328662,1366.649
"2018-01-12",12.7619999999995,1.792821,276.812,58.1380000000007,5.318702,1371.131
"2018-01-16",24.474,0.946211,275.865,73.7600000000005,5.766907,1374.168
"2018-01-17",16.4639999999997,2.629471,278.495,78.2819999999994,7.778851,1379.218
"2018-01-18",17.7200000000004,0.468125,278.027,81.7300000000001,7.828651,1384.218
"2018-01-19",14.9319999999996,1.264935,279.292,86.3519999999991,7.101563,1388.491
"2018-01-22",14.4880000000003,2.270907,281.563,88.0779999999999,7.579649,1393.242
"2018-01-23",17.9219999999994,0.597607,282.16,81.5259999999993,7.231045,1399.537
"2018-01-24",27.214,0.109561,282.051,92.2759999999996,4.711135,1403.093
"2018-01-25",24.3680000000006,0.119521,282.17,98.9239999999999,4.362531,1407.236
"2018-01-26",15.1439999999997,3.266918,285.437,99.136,6.364514,1413.381
"2018-01-29",22.248,1.892422,283.545,106.896,5.986029,1415.363
"2018-01-30",29.0400000000004,2.908354,280.636,118.014000000001,8.296776,1413.839
"2018-01-31",25.0950000000002,0.139442,280.776,115.895000000001,8.326657,1412.564
"2018-02-01",26.1020000000003,0.318724,280.457,117.629000000001,8.52586,1410.851
"2018-02-02",32.8580000000002,6.105552,274.351,135.343000000001,11.364494,1399.765
"2018-02-05",71.5979999999995,11.474055,262.877,184.693000000001,20.946127,1379.097
"2018-02-06",106.1,5.179261,268.057,261.753,23.217034,1366.518
"2018-02-07",57.8720000000006,1.454177,266.602,294.530000000001,24.531769,1352.344
"2018-02-08",79.822,9.999957,256.602,348.25,34.213002,1328.489
"2018-02-09",100.752,3.854565,260.457,416.144,31.962015,1314.595
"2018-02-12",52.4399999999998,3.824685,264.282,396.986,24.312645,1316
"2018-02-13",38.6380000000006,0.657368,264.939,329.524000000001,19.790752,1312.882
"2018-02-14",41.0179999999999,3.575682,268.515,312.67,21.912257,1314.795
"2018-02-15",34.2420000000002,3.42628,271.941,267.09,15.33858,1330.134
"2018-02-16",37.4020000000007,0.079681,272.021,203.740000000001,11.563696,1341.698
"2018-02-20",32.9919999999995,1.70318,270.318,184.292000000001,9.442191,1347.734
"2018-02-21",36.7379999999995,1.344616,268.973,182.392,10.129439,1351.768
"2018-02-22",40.3439999999999,0.348604,269.322,181.718,6.902361,1352.575
"2018-02-23",26.6439999999998,4.29281,273.614,174.12,7.768891,1354.248
"2018-02-26",21.6860000000003,3.177277,276.792,158.403999999999,10.866487,1359.019
"2018-02-27",37.6700000000008,3.456161,273.335,163.082,12.619468,1362.036
"2018-02-28",36.4099999999995,2.768913,270.567,162.754,14.043765,1363.63
"2018-03-01",69.2479999999993,3.934246,266.632,191.658,17.629407,1360.94
"2018-03-02",52.7739999999995,1.374496,268.007,217.787999999999,14.711093,1355.333
"2018-03-05",36.4600000000003,3.097596,271.104,232.561999999999,14.631412,1349.645
"2018-03-06",33.6839999999996,0.687248,271.792,228.575999999998,11.862499,1348.102
"2018-03-07",34.9159999999998,0.099601,271.692,227.081999999999,9.193187,1349.227
"2018-03-08",27.6560000000009,1.314735,273.007,185.49,6.573676,1355.602
"2018-03-09",19.6840000000002,4.750976,277.758,152.400000000001,9.950156,1365.353
"2018-03-12",23.2660000000001,0.348604,277.409,139.206000000001,7.201164,1371.658
"2018-03-13",32.8899999999983,1.792821,275.616,138.411999999999,8.306737,1375.482
"2018-03-14",35.4280000000002,1.414337,274.202,138.924,9.621473,1377.992
"2018-03-15",24.7419999999995,0.298804,273.903,136.009999999998,8.605542,1378.888
"2018-03-16",19.3179999999998,0.296782,274.2,135.643999999998,4.151348,1375.33
"2018-03-19",33.6200000000003,3.71,270.49,145.997999999998,7.512744,1368.411
"2018-03-20",25.3100000000002,0.46,270.95,138.418,6.179923,1363.745
"2018-03-21",30.4540000000005,0.52,270.43,133.444,5.285586,1359.973
"2018-03-22",46.5159999999997,6.76,263.67,155.218,11.746782,1349.74
"2018-03-23",53.8140000000002,5.62,258.05,189.714000000001,17.07,1333.59
"2018-03-26",40.7299999999992,7.06,265.11,196.824,20.42,1328.21
"2018-03-27",52.5059999999999,4.51,260.6,224.02,24.47,1317.86
"2018-03-28",69.3580000000008,0.77,259.83,262.924,24.72,1307.26
"2018-03-29",40.5339999999999,3.32,263.15,256.942,21.28,1306.74
"2018-04-02",54.6859999999999,5.68,257.47,257.814,21.34,1306.16
"2018-04-03",53.2380000000011,3.3,260.77,270.322000000002,17.58,1301.82
"2018-04-04",49.2519999999999,2.79,263.56,267.068000000002,15.86,1304.78
"2018-04-05",36.9419999999997,2.08,265.64,234.652000000001,17.17,1310.59
"2018-04-06",53.6540000000002,5.92,259.72,247.772000000001,19.77,1307.16
"2018-04-09",33.3060000000003,1.28,261,226.392000000001,15.37,1310.69
"2018-04-10",42.6640000000005,4.15,265.15,215.818000000001,16.22,1315.07
"2018-04-11",34.962,1.39,263.76,201.528000000001,14.82,1315.27
"2018-04-12",28.9719999999996,2.17,265.93,193.558000000001,14.91,1315.56
"2018-04-13",33.9780000000003,0.78,265.15,173.882000000001,9.77,1320.99
"2018-04-16",25.5080000000007,2.18,267.33,166.084000000001,10.67,1327.32
"2018-04-17",19.3919999999995,2.86,270.19,142.812,9.38,1332.36
"2018-04-18",18.9500000000004,0.2,270.39,126.8,8.19,1338.99
"2018-04-19",28.2199999999995,1.5,268.89,126.048,7.52,1341.95
"2018-04-20",28.7440000000004,2.28,266.61,120.814,9.02,1343.41
"2018-04-23",24.8799999999995,0.04,266.57,120.185999999999,6.88,1342.65
"2018-04-24",43.7380000000002,3.59,262.98,144.532,7.61,1335.44
"2018-04-25",39.2159999999993,0.65,263.63,164.797999999999,8.06,1328.68
